==============================
KNeighborsClassifier
****Results****
Accuracy: 77.5000%
              precision    recall  f1-score   support

         0.0       0.43      1.00      0.60         3
         1.0       1.00      1.00      1.00         3
         2.0       1.00      1.00      1.00         2
         3.0       0.25      1.00      0.40         1
         4.0       1.00      1.00      1.00         3
         5.0       1.00      1.00      1.00         2
         6.0       1.00      1.00      1.00         1
         7.0       1.00      0.25      0.40         4
         8.0       0.75      1.00      0.86         3
         9.0       0.67      0.67      0.67         3
        10.0       1.00      1.00      1.00         2
        11.0       1.00      0.60      0.75         5
        12.0       1.00      1.00      1.00         2
        13.0       1.00      1.00      1.00         1
        14.0       1.00      1.00      1.00         2
        15.0       0.00      0.00      0.00         3

    accuracy                           0.78        40
   macro avg       0.82      0.84      0.79        40
weighted avg       0.82      0.78      0.75        40

==============================
SVC
****Results****
Accuracy: 7.5000%
              precision    recall  f1-score   support

         0.0       0.00      0.00      0.00         3
         1.0       0.00      0.00      0.00         3
         2.0       0.00      0.00      0.00         2
         3.0       0.03      1.00      0.07         1
         4.0       0.00      0.00      0.00         3
         5.0       0.00      0.00      0.00         2
         6.0       0.14      1.00      0.25         1
         7.0       0.00      0.00      0.00         4
         8.0       0.00      0.00      0.00         3
         9.0       0.00      0.00      0.00         3
        10.0       0.00      0.00      0.00         2
        11.0       0.00      0.00      0.00         5
        12.0       0.00      0.00      0.00         2
        13.0       0.25      1.00      0.40         1
        14.0       0.00      0.00      0.00         2
        15.0       0.00      0.00      0.00         3

    accuracy                           0.07        40
   macro avg       0.03      0.19      0.04        40
weighted avg       0.01      0.07      0.02        40

==============================
DecisionTreeClassifier
****Results****
Accuracy: 50.0000%
              precision    recall  f1-score   support

         0.0       0.50      0.67      0.57         3
         1.0       1.00      0.33      0.50         3
         2.0       1.00      0.50      0.67         2
         3.0       0.50      1.00      0.67         1
         4.0       0.50      0.33      0.40         3
         5.0       0.50      1.00      0.67         2
         6.0       0.25      1.00      0.40         1
         7.0       0.67      0.50      0.57         4
         8.0       0.50      0.33      0.40         3
         9.0       0.25      0.33      0.29         3
        10.0       0.50      0.50      0.50         2
        11.0       0.40      0.40      0.40         5
        12.0       0.50      0.50      0.50         2
        13.0       1.00      1.00      1.00         1
        14.0       0.50      0.50      0.50         2
        15.0       1.00      0.33      0.50         3

    accuracy                           0.50        40
   macro avg       0.60      0.58      0.53        40
weighted avg       0.59      0.50      0.50        40

==============================
RandomForestClassifier
****Results****
Accuracy: 85.0000%
              precision    recall  f1-score   support

         0.0       0.75      1.00      0.86         3
         1.0       1.00      1.00      1.00         3
         2.0       1.00      1.00      1.00         2
         3.0       1.00      1.00      1.00         1
         4.0       0.67      0.67      0.67         3
         5.0       1.00      1.00      1.00         2
         6.0       0.33      1.00      0.50         1
         7.0       1.00      1.00      1.00         4
         8.0       1.00      1.00      1.00         3
         9.0       1.00      0.67      0.80         3
        10.0       1.00      1.00      1.00         2
        11.0       1.00      0.80      0.89         5
        12.0       0.50      0.50      0.50         2
        13.0       1.00      1.00      1.00         1
        14.0       0.67      1.00      0.80         2
        15.0       1.00      0.33      0.50         3

    accuracy                           0.85        40
   macro avg       0.87      0.87      0.84        40
weighted avg       0.90      0.85      0.85        40

==============================
LogisticRegression
****Results****
Accuracy: 85.0000%
              precision    recall  f1-score   support

         0.0       0.75      1.00      0.86         3
         1.0       1.00      1.00      1.00         3
         2.0       0.67      1.00      0.80         2
         3.0       1.00      1.00      1.00         1
         4.0       1.00      0.67      0.80         3
         5.0       1.00      1.00      1.00         2
         6.0       0.33      1.00      0.50         1
         7.0       1.00      0.50      0.67         4
         8.0       1.00      1.00      1.00         3
         9.0       0.50      0.67      0.57         3
        10.0       1.00      1.00      1.00         2
        11.0       1.00      1.00      1.00         5
        12.0       1.00      1.00      1.00         2
        13.0       1.00      1.00      1.00         1
        14.0       1.00      1.00      1.00         2
        15.0       1.00      0.33      0.50         3

    accuracy                           0.85        40
   macro avg       0.89      0.89      0.86        40
weighted avg       0.91      0.85      0.85        40

